47622,48662
47622,46083
47622,46060
47622,45235
47652,45582
47652,47674
47652,48295
47652,45558
47625,48288
47625,48302
47625,48695
47625,45671
47647,48696
47647,46061
47647,47377
47647,45545
47667,45573
47667,47634
47667,48315
47667,47642
47628,45573
47628,48683
47628,47388
47628,45697
47621,45186
47621,45669
47621,48575
47621,48092
48683,46082
48683,45685
48683,51959
48682,47376
48682,45671
48682,45187
48682,47624
47657,45676
47657,45683
47657,47362
47657,47363
47626,48290
47626,47363
47626,48581
45572,47357
45572,47591
45572,48687
45572,51964
47679,45660
47679,45589
47679,45695
47679,45567
47651,47677
47651,48693
47651,45576
47651,48284
48685,48304
48685,45587
48685,47671
48685,48660
47655,48313
47655,47408
47655,47586
47655,45566
47658,47372
47658,48690
47658,45665
47658,45668
47654,48294
47654,48311
47654,48688
47654,45570
47677,48693
47677,48284
47677,48300
47640,45675
47640,45581
47640,48282
47640,47352
47633,48310
47633,48689
47633,45569
47633,48294
48689,47372
48689,45660
48689,47367
47634,47642
47634,48691
47634,45555
47404,46329
47404,47650
47404,47672
47404,45707
47391,46356
47391,47577
47391,45198
47391,45579
47386,47397
47386,51959
47386,48276
47386,47587
51970,45706
51970,47563
51970,47378
51970,51956
47385,48287
47385,47390
47385,45690
47385,45212
47361,45217
47361,47600
47361,46348
47361,47636
47382,47603
47382,51968
47382,51965
47382,47588
51973,45204
51973,47554
51973,47597
51973,51958
47358,47668
47358,45186
47358,48278
47358,47351
47356,51966
47356,51962
47356,47395
47356,51969
47384,45186
47384,47573
47384,45669
47406,47563
47406,45230
47406,51956
47392,45579
47392,47355
47392,47574
47392,45198
47408,45712
47408,47593
47408,48296
47407,47379
47407,45670
47407,48279
47407,46355
51966,45710
51966,47378
51966,51962
51972,47665
51972,51963
51972,45233
51972,47354
51974,47394
51974,47643
51974,46352
51974,45223
47401,47557
47401,51975
47401,45708
47401,47673
47380,51957
47380,47675
47380,45697
47380,47583
47403,47597
47403,47582
47403,47552
47403,45182
47554,45194
47554,45706
47554,45184
47402,46384
47402,45223
47402,47381
47402,45695
47398,45237
47398,48390
47398,47400
47398,44932
48654,46062
48654,45550
48654,45540
48654,48587
48644,45406
48644,48566
48644,48138
48644,48145
48657,46054
48657,48647
48657,48649
48657,48569
48648,48639
48648,45397
48648,48322
48648,46031
48641,48321
48641,45545
48641,48292
48641,46559
48649,48674
48649,48569
48649,48650
48651,48572
48651,46577
48651,45366
48651,45560
48642,48600
48642,48679
48642,46036
48642,45535
48658,45409
48658,48433
48658,45546
48658,48602
48656,48568
48656,48666
48656,48678
48656,46048
48652,48286
48652,46082
48652,45399
48652,45586
48646,46051
48646,46029
48646,48668
48646,45396
48650,45531
48650,46053
48650,48564
48643,48554
48643,47724
48643,48664
48643,48639
48653,48331
48653,48585
48653,45383
48653,46035
48659,46575
48659,46041
48659,46059
48659,48288
48655,45360
48655,48666
48655,46047
48655,48676
48660,48304
48660,48589
48660,46030
48645,48667
48645,48603
48645,47732
48645,48604
47727,46055
47727,45399
47727,46082
47727,45586
48647,48669
48647,46054
48647,48563
47649,47556
47649,47662
47649,45678
47649,45192
47630,46075
47630,45582
47630,48312
47630,48688
47662,45183
47662,47556
47662,47377
45685,47388
45685,47590
45685,48276
47624,48359
47624,47578
47624,45237
47643,47549
47643,48688
47643,47548
47650,47665
47650,45660
47650,47373
47656,45194
47656,47371
47656,47595
47656,47362
47661,47567
47661,45179
47661,47366
47661,47574
47664,45183
47664,45679
47664,45670
47664,47556
47653,45196
47653,46070
47653,45712
47653,47586
47675,51957
47675,45181
47675,47639
47636,45702
47636,45189
47636,45188
47637,47371
47637,45696
47637,45665
47637,47672
47668,45557
47668,48278
47668,45680
47648,45710
47648,45676
47648,45683
47648,47596
47673,45197
47673,48691
47673,47603
47674,51964
47674,47591
47674,45711
47670,47366
47670,47574
47670,51965
47670,47352
47671,45700
47671,45235
47671,48320
47639,47642
47639,47388
47639,45181
46698,46702
46698,47795
46698,46140
46698,44744
46714,46696
46714,45735
46714,47823
46714,45096
46713,47825
46713,46671
46713,46712
46674,46679
46674,47833
46674,47864
46674,48471
46715,47892
46715,45740
46715,47796
46715,45095
46706,47838
46706,47739
46706,45089
46706,47792
46672,47832
46672,47791
46672,47800
46672,45085
46699,45759
46699,44767
46699,45092
46699,46718
48008,44765
48008,47881
48008,47818
48008,47805
46717,45099
46717,46689
46717,45062
46717,45744
47827,48465
47827,45071
47827,47828
47827,45738
46691,46130
46691,45090
46691,45073
46691,47774
46712,47841
46712,45087
46712,47982
46701,45084
46701,47832
46701,44768
46701,46727
48000,47989
48000,46692
48000,45094
48000,47980
46684,45088
46684,47803
46684,47808
46684,48031
46703,47825
46703,47768
46703,47826
46703,47831
46675,47788
46675,47845
46675,45753
46675,46694
47892,46700
47892,45095
47892,45740
46711,45088
46711,47787
46711,47789
46711,45741
46726,44759
46726,47989
46726,46692
46726,45745
47981,46360
47981,48370
47981,46159
47981,48386
47627,47997
47627,46119
47627,45221
47627,46328
47638,48396
47638,48357
47638,48364
47638,44925
48003,47135
48003,46338
48003,48398
48003,47566
46766,48367
46766,44927
46766,48360
46766,46343
48010,48397
48010,47550
48010,46792
48010,46125
46759,45083
46759,46794
46759,46325
46759,48365
47978,45205
47978,46765
47978,48390
47978,46756
47632,46359
47632,44952
47632,48009
47632,46352
47641,47394
47641,46359
47641,48376
47641,48400
46764,48355
46764,48387
46764,48406
46764,48388
46768,48407
46770,47153
46770,47155
46772,48375
46772,47548
46772,47551
46772,47571
47635,46118
47635,44921
47635,46382
47635,48396
46765,48034
46765,48366
46765,46380
46760,46361
46760,46375
46760,44922
46760,48404
46767,46341
46767,48403
46767,46366
46767,48022
48030,48405
48030,46798
48030,48388
48030,46349
46798,46349
46798,48406
46798,48381
51975,46333
51975,46354
51975,45201
48279,45225
48279,47598
48279,45183
47354,47576
47354,48399
47354,45707
45182,48373
45182,47582
45182,46329
45217,44915
45217,45188
45217,45219
45233,47381
45233,47551
45233,45689
51969,46335
51969,47395
51969,51962
45205,46342
45205,45187
45205,47558
45210,47607
45210,45190
45210,47397
45210,47586
51962,47579
48278,45669
48278,47370
45201,47557
45201,45708
45201,47583
45212,45587
45212,47592
45212,46355
45204,45706
45204,47585
45204,47552
51964,46353
51964,45693
45198,45179
45198,47577
45184,45236
45184,47565
45184,51956
47394,48375
47394,48400
45207,51963
51971,51960
51971,47606
51971,45197
51971,46345
51968,45579
51968,46345
51968,47561
47812,45087
47812,47877
47812,46155
47812,46117
47873,46160
47873,46690
47873,47745
47873,47818
47830,47980
47830,47902
47830,46716
47830,47861
47810,47823
47810,47889
47810,46705
47810,47861
47916,46117
47916,47840
47916,46782
47916,47884
47903,45085
47903,47918
47903,47797
47903,48020
47829,47863
47829,47995
47829,45066
47829,46144
47904,45085
47904,47878
47904,48020
47904,46141
47828,47909
47828,47764
47828,45071
47820,47816
47820,47834
47820,46164
47820,45078
47822,47171
47822,45754
47822,45044
47822,46129
47862,47164
47862,45048
47862,44744
47862,46682
47901,47990
47901,47878
47901,47905
47901,46681
47905,47990
47905,46681
47905,46135
47991,47787
47991,45064
47991,47883
47991,47843
47842,47816
47842,47824
47842,46718
47842,45072
47871,47787
47871,47910
47871,48021
47871,47802
48002,45084
48002,47832
48002,47797
48002,45064
47869,45089
47869,46725
47869,46709
47869,46168
47864,47815
47864,47998
47864,45754
45098,44717
45098,46129
45098,45080
45098,46682
45090,47725
45090,47917
45090,47814
45085,45742
47808,47803
47808,47838
47808,46709
45100,48028
45100,46140
45100,46127
45100,47795
45095,46705
45095,47834
45084,47844
45084,47789
45087,45744
45087,47840
45092,47816
45092,46700
45092,46718
45096,47823
45096,44759
45096,45735
45094,45745
45094,46716
45094,47980
45088,45741
45088,47843
47815,44741
47815,47992
47815,46685
47806,47774
47806,44758
47806,47725
47806,46690
47990,47791
47990,44725
47989,47839
47989,47826
46671,45066
46671,46128
46671,47825
45099,47819
45099,47133
45099,45062
45089,47811
45089,47821
48105,48316
48105,45550
48105,46078
48105,45540
48319,48576
48319,46041
48319,48128
48319,45680
48318,48301
48318,46081
48318,45546
48318,48692
48320,46083
48320,45690
48320,48671
48333,46047
48333,48317
48333,45565
48333,45540
48329,44734
48329,46070
48329,45560
48329,48296
48334,45536
48334,46079
48334,45538
48334,48335
48321,48432
48321,46045
48321,48589
48327,48311
48327,48143
48327,46077
48327,48670
48332,48585
48332,47642
48332,45383
48332,46073
48128,46059
48128,45578
48128,48680
48325,48280
48325,48305
48325,48309
48325,45532
48328,46043
48328,48672
48328,45531
48328,46075
48330,48286
48330,48673
48330,46039
48330,45390
48331,48594
48331,45383
48331,48562
48574,48603
48574,46071
48574,48305
48574,45590
48323,48303
48323,46066
48323,45542
48323,48306
48326,45544
48326,48310
48326,48670
48326,46054
48322,45556
48322,48581
48322,47724
48335,48679
48335,45535
48335,46074
45543,48570
45543,45563
45543,46581
45543,45399
45540,46078
45541,48675
45541,45564
45541,45380
45541,46038
45532,45590
45532,45548
45532,48668
45542,45568
45542,48306
45542,48639
44734,48582
44734,48296
44734,47368
48576,48287
48576,45395
48576,48671
45531,48312
45531,48674
45538,46048
45538,46047
45538,48678
45536,48666
45536,46047
45544,46051
45544,48293
45544,46077
45590,48603
45590,48640
48143,46058
48143,48670
48143,46027
48580,46566
48580,48313
48580,45390
48580,48572
45535,48678
45535,46074
45550,46038
45550,46078
45548,48669
45548,48280
45548,46051
45534,48696
45534,48686
45534,46567
45534,48123
45545,45553
45545,48292
45546,46074
45546,48679
47787,47802
47821,47811
47821,46725
47821,46153
47833,45044
47833,47992
47833,47793
47816,45072
47844,47789
47844,45064
47844,45741
47824,46718
47824,45071
47824,47888
47825,47841
47791,46141
47791,45067
47817,46117
47817,47734
47817,47807
47817,46689
47823,47980
47836,47133
47836,47749
47836,47985
47836,47760
47819,45062
47819,47745
47819,47805
47814,47763
47814,47781
47814,44758
47834,47799
47834,46705
47845,45080
47845,47171
47845,47804
47832,47797
47826,45745
47826,45074
47838,47910
47838,45075
48016,44763
48695,45562
48695,48302
48695,48692
45551,48303
45551,48291
45551,46066
45551,47362
45568,48306
45568,48664
45568,48686
45553,45677
45553,48281
45553,45416
45558,48312
45558,47368
45558,47593
45557,48575
45557,45690
45557,48092
48684,48280
48684,48694
48684,48305
48684,46071
45570,47357
45570,48295
45570,48582
45564,48299
45564,48315
45564,47405
48694,48690
48694,45569
45569,48293
45569,48309
45567,46077
45567,48310
45567,48294
45554,45562
45580,48692
45580,48679
45580,46081
45580,48681
45555,46069
45555,48691
45555,48282
45565,48317
45565,46069
45565,46079
45563,48298
45563,48314
45563,45674
45556,48281
45556,48663
45556,48289
45566,48314
45566,46039
45566,48286
47910,47914
47910,47865
47895,46122
47895,46709
47895,46781
47895,47167
48021,46124
48021,47908
48021,47802
47863,45074
47863,47158
47863,47995
47898,45081
47898,47883
47898,47887
47898,47908
47888,46157
47888,47870
47888,45071
47894,47883
47894,45081
47894,47907
47894,46121
47909,47138
47909,45044
47909,46788
47877,46128
47877,47912
47877,48410
47912,47919
47912,45066
47912,44959
47866,47788
47866,45080
47866,46129
47866,47164
47889,46133
47889,47861
47889,45058
47985,44771
47985,47760
47918,46123
47918,47797
47918,48020
47979,46140
47979,46150
47979,48028
47979,48412
47878,45060
47878,45747
47865,47161
47865,47914
47865,45075
47917,46690
47917,47774
47917,46135
48119,48433
48119,48597
48119,45414
48119,45393
48100,48132
48100,48101
48100,45416
48100,46061
48117,45395
48117,48101
48117,48106
48117,46549
48131,46563
48131,48587
48131,46584
48131,48586
48123,46559
48123,48133
48123,46580
48097,46558
48097,46557
48097,46588
48097,45361
48431,48584
48431,46582
48431,48107
48431,46534
48149,48578
48149,48429
48149,48434
48149,45381
48142,48098
48142,46553
48142,46565
48142,48134
48145,45367
48145,48138
48145,47750
48144,48557
48144,48462
48144,47996
48144,46550
48139,48558
48139,48556
48139,48604
48139,45396
48106,46575
48106,45395
48106,46585
48433,45393
48433,48597
48150,45394
48150,48111
48150,48434
48150,46544
48107,48586
48107,46579
48107,48127
48102,45379
48102,46586
48102,48553
48102,45780
48137,48113
48137,46577
48137,45366
48137,48570
48151,48104
48151,46544
48151,45387
48151,46553
48126,48112
48126,45377
48126,48562
48126,48594
47379,48361
47379,47383
47379,47646
47582,46340
47582,47393
47580,45702
47580,46356
47580,47355
47580,45221
47561,47623
47561,48377
47561,47355
47400,47575
47400,45187
47400,45237
47351,47645
47351,48366
47351,47575
47588,46345
47588,47606
47588,47604
47378,46335
47378,47564
47563,47564
47563,51956
47589,45693
47589,45695
47589,47568
47589,47549
47555,48354
47555,51957
47555,46333
47555,45228
47383,46355
47383,47598
47383,48361
47370,45700
47370,46331
47370,45226
47395,45225
47395,45229
47585,46340
47585,47565
47585,47597
47583,47557
47583,46354
47551,47399
47551,48399
47578,46342
47578,48359
47578,45671
47562,48362
47562,45701
47562,48277
47562,47587
47591,46353
47591,47593
45706,47595
45670,47592
45670,45235
45699,45226
45699,47645
45699,47375
45699,45680
45703,45189
45703,45682
45703,48385
45703,45219
45697,47590
45697,51957
45700,47390
45700,46331
51960,47603
51960,45708
51960,47557
45701,51959
45701,45196
45710,47596
45710,45185
51965,47603
51965,45191
47381,47399
47381,45660
45712,45588
45712,47368
45711,48376
45711,47559
45711,46383
45695,47548
51959,47590
45579,45191
45708,45686
45707,47665
45707,47672
45702,47567
45702,45189
48690,48309
48690,45665
48288,45671
48288,48092
48287,46030
48287,48671
48298,46073
48298,45586
48298,45573
48681,48302
48681,46081
48681,48301
48293,48310
48293,46077
48286,47397
48283,46079
48283,48317
48283,48300
48283,45581
48294,48582
48693,48300
48693,45581
48282,48316
48282,48691
48284,45576
48284,48692
48290,47363
48290,46066
48290,45683
48289,48581
48289,48686
48289,48292
48292,46076
48291,46071
48291,48303
48291,45668
48299,48316
48299,48315
48299,48675
48295,48312
48295,48688
48296,46070
46083,46060
46083,45677
46081,48302
46078,48316
46075,48687
46075,45178
46076,48432
46076,46045
46076,46061
48581,46031
48280,48309
46074,48301
46073,48315
46073,48675
46066,48303
46079,48300
46080,48662
46080,45677
46080,45587
46080,48304
46070,46039
48582,46058
46082,48314
46071,48640
46069,48666
46069,48317
48092,45578
46360,46746
46360,48393
46360,48394
48033,48364
48033,46117
48033,44969
48033,46782
48034,46174
48034,44927
48034,46756
46325,47167
46325,45221
46325,48019
46362,48036
46362,46357
46362,48358
46362,48390
46375,46753
46375,46167
46375,46743
46349,46758
46349,48405
46347,48373
46347,45057
46347,48397
46347,47143
48023,46146
48023,46344
48023,48382
48023,47659
48029,46159
48029,48393
48029,46173
48029,46752
46366,44941
46366,48380
46366,48395
46376,47571
46376,47576
46376,46755
46376,47559
46382,44949
46382,46785
46382,48394
46359,44952
46359,48376
48022,48403
48022,46361
48022,46741
47663,46147
47663,48392
47663,46363
47663,48391
46363,48392
46363,46173
46361,46753
46361,48403
48036,46357
48036,48358
48036,46348
48671,46030
48676,46063
48676,45413
48676,46034
48678,46036
48672,48564
48672,46032
48672,46053
48674,46058
48674,45401
48594,46581
48594,48562
48603,46064
48664,46541
48664,47724
48662,45677
48662,48589
48663,46567
48663,48306
48663,48696
48673,46052
48673,48577
48673,47397
48669,48563
48669,46042
48670,46054
48668,46051
48668,48305
48667,46064
48667,47732
48667,48557
48680,46041
48680,48588
48680,48602
48675,46038
47596,45192
47596,45678
47672,47373
47556,45183
47568,45206
47568,48376
47568,47357
47592,45679
47592,47374
47389,46326
47389,47558
47389,45682
47389,47376
47399,47548
47399,47665
47590,48276
47567,45179
47567,46356
47574,45191
47595,45185
47575,45680
47575,48359
47586,45196
47645,47375
47645,47573
47597,45194
47593,45178
48471,45754
48471,46679
48471,45362
48464,48459
48464,44737
48464,48455
48464,44740
48466,45750
48466,48141
48466,47771
48466,47767
48462,46542
48462,45389
48462,47752
48472,48482
48472,48485
48472,47874
48472,46537
48467,45787
48467,45772
48467,46546
48467,48132
48437,44758
48437,45408
48437,44765
48437,47769
48468,44714
48468,45781
48468,48454
48468,48135
48474,44715
48474,46533
48474,48099
48474,44736
48470,45764
48470,48096
48470,47740
48470,48587
48478,48120
48478,48443
48478,44732
48478,46545
48473,44762
48473,47754
48473,47748
48473,46549
48465,45738
48465,45786
48465,48136
48479,48444
48479,47747
48479,44733
48479,45778
48469,48460
48469,48481
48469,48133
48469,47777
48463,45419
48463,45772
48463,45787
48463,48428
47769,48442
47769,44765
47769,47749
48476,44719
48476,46586
48476,47770
48476,45774
46564,46538
46564,46574
46564,45408
46564,48592
48104,46553
48104,48595
48104,48110
46565,45396
46565,48134
46565,46591
46562,46578
46562,46532
46562,45370
46562,45369
48434,45394
48434,46544
46581,46035
46581,44719
46585,45417
46585,46575
46585,45376
46588,45361
46588,45376
46588,48125
46563,45380
46563,48440
46563,44725
46582,45384
46582,44726
46582,46545
46541,48124
46541,47750
46541,45412
46567,48432
46567,48133
46566,46577
46566,45415
46566,46537
46591,46037
46591,45405
46584,45386
46584,46556
46584,48115
46586,45411
46586,48553
48122,45398
48122,48121
48122,48095
48122,45375
48429,45374
48429,45366
48429,46533
47353,48398
47353,48368
47353,48373
47353,47566
45188,46793
45188,44945
45206,45693
45206,46383
45206,46330
45190,47560
45190,48380
45190,46330
45237,47558
45226,48360
45226,46331
45229,47601
45229,44925
45229,46351
45236,46336
45236,47565
45236,51958
47623,46344
47623,44930
47623,47604
45222,48355
45222,46354
45222,47606
45222,47604
45230,48357
45230,46370
45230,47564
47393,51963
47393,46384
47393,48399
45225,47598
45225,48369
45228,48353
45228,46334
45228,47560
45223,45689
45223,46383
45219,48401
45219,47600
47646,48367
47646,46337
47646,48361
45221,47577
47607,47560
47607,48277
47607,48362
48432,48593
46553,48595
45390,45373
45390,46537
45389,45773
45389,48566
45389,48438
45384,48573
45384,45409
45384,48592
45387,48094
45387,48595
45387,48110
45383,46035
45395,48596
46559,48554
46559,48593
45386,46579
45386,48586
45386,47723
45394,45401
45394,48571
45398,47732
45398,48604
45398,48121
46578,45370
46578,46033
46578,48568
45361,45414
45361,48588
45381,45415
45381,48577
45381,48099
45397,48555
45397,48460
45397,48639
45396,48556
45380,48096
45380,45780
45393,48600
45393,46558
48304,46045
48314,48562
48301,45576
48696,45404
48575,45578
48575,47390
48311,45589
48313,48577
48313,46052
46035,48116
46045,48281
47732,48557
46039,45377
46027,48583
46027,46058
46027,48569
46038,45411
46029,48640
46029,48558
46029,45403
46033,45360
46033,48573
46033,48584
46036,48573
46036,48600
46043,48564
46043,45401
46043,46053
46032,48578
46032,48572
46032,47735
46028,45412
46028,48124
46028,46064
46028,48555
46034,45413
46034,47723
46034,45360
46031,48593
46031,46583
46030,48596
46042,45405
46042,48563
46041,48588
46168,46725
46168,47914
46168,46122
45080,45048
45067,47913
45067,45747
45067,48020
45075,47911
45075,46709
45074,46692
45074,47995
45081,47887
45081,47802
45072,46157
45072,46164
45044,47998
45064,46123
45073,45747
45073,47818
45073,47150
47861,46163
48014,44969
48014,44771
48014,46160
48014,47151
48028,48412
48028,45083
45078,45054
45078,46705
45078,46163
45066,47995
47982,46125
47982,46689
47982,47122
44748,47773
44748,44718
44748,46556
44748,45742
44759,47799
44759,47730
47766,47790
47766,47831
47766,47768
47766,47731
44768,47772
44768,45764
44768,47837
47739,46719
47739,46723
47739,45750
44744,46702
44744,47795
44751,48031
44751,47792
44751,45751
44751,47767
44771,44765
44771,47805
44761,46696
44761,46687
44761,47730
44761,45735
47762,47839
47762,45755
47762,47754
47762,47731
47788,46694
47788,45753
44758,47774
44743,46707
44743,47789
44743,47803
44743,47874
44767,47733
44767,45760
44767,47796
47768,47790
47768,47831
47764,47776
47764,44723
47764,47996
46351,46370
46351,48371
46351,47601
46329,46338
46329,48368
46330,46353
46330,48395
46336,47552
46336,47550
46336,48397
46348,48374
46348,46328
46343,48367
46343,48360
46343,47573
46357,48401
46357,48358
48364,46370
48364,48357
46328,48408
46328,44940
46352,47559
46352,47549
46344,48387
46344,48382
48365,46740
48365,48356
48365,47604
46337,48393
46337,48386
46337,48369
46380,48366
46380,46342
46380,45187
46370,48371
46334,48403
46334,44922
46334,47587
46341,48379
46341,48353
46341,47572
48099,48436
48099,46533
48095,45362
48095,48098
48095,48130
48127,48148
48127,44726
48127,46534
48094,48110
48094,48455
48094,48435
48120,45408
48120,44733
48120,46574
48125,46535
48125,46576
48125,46557
48132,45416
48132,45419
48148,47763
48148,45369
48148,47773
48133,46542
48138,47776
48138,45759
48136,45375
48136,44716
48136,46550
48116,48112
48116,45774
48116,45368
48113,45373
48113,48436
48113,45377
48096,45379
48096,48553
48140,48101
48140,44753
48140,45417
48140,45376
48129,48443
48129,45388
48129,46538
48129,46558
48134,48454
48134,48453
48141,48111
48141,46544
48141,45374
47760,47749
47760,47734
46696,47839
46696,47730
46687,47756
46687,45740
46687,47796
47790,47798
47790,47841
47733,45759
47733,48460
47733,45773
47773,45747
47773,46556
47839,45755
46694,45753
46694,47736
46702,46723
46702,47868
46719,47811
46719,47868
46719,44740
47807,47746
47807,47840
46679,47742
46679,44716
47772,45764
47772,47770
47772,45742
46707,45751
46707,47874
46707,47753
48031,47771
48031,44736
46063,47723
46063,48587
46063,45413
46060,48596
46060,48589
46055,48570
46055,45586
46055,48577
46052,48572
46052,45415
46053,47735
48602,46059
48602,45414
46048,48568
46064,48557
46061,46580
46059,46575
48640,48558
46062,48093
46062,45368
46062,45411
46131,45047
46131,48411
46131,47170
46131,47149
46171,46124
46171,47177
46171,47896
46171,47126
46127,45048
46127,48019
46127,46682
46160,44961
46160,47133
46144,47902
46144,46789
46144,47158
46153,46781
46153,47167
46153,44917
46172,47659
46172,47174
46172,47171
46172,46758
46137,47129
46137,44968
46137,44961
46137,45060
47993,47870
47993,47137
47993,44970
47993,46157
46151,46159
46151,45060
46151,47149
46151,46796
46156,46786
46156,47179
46156,46755
46156,47660
48410,47919
48410,47135
48410,44914
46121,45061
46121,46364
46121,46147
46148,46124
46148,44940
46148,47908
46148,47173
46161,47994
46161,48013
46161,46157
46161,46120
47138,47870
47138,46788
47138,46743
47724,45412
48569,48595
48564,48583
48600,45409
48563,45405
47723,45413
48554,46583
48554,46580
48558,45403
48568,48584
48578,47735
48578,48571
48553,45368
48573,48584
48588,48597
48098,48458
48098,45362
48101,45417
48093,45368
48093,48585
48093,48439
48121,47996
48121,45786
48115,48440
48115,44718
48115,45379
46574,48592
46574,45388
46580,45404
46558,46557
46576,48445
46576,46557
46576,45376
46579,48586
46579,45360
48111,45374
48111,46533
48124,45412
48124,44752
48110,48435
46577,44715
48583,48571
48583,45401
48597,45414
48566,45406
48566,48438
48571,47735
48555,48449
48555,48450
48604,45403
48592,45409
48556,45403
48556,45405
48570,45399
48593,45404
48596,45416
48585,45411
47157,47860
47157,46146
47157,46150
47157,45048
47122,48398
47122,44914
47122,46128
47149,46796
47149,46780
47676,47144
47676,47163
47676,47179
47676,47148
47126,47177
47126,46174
47126,46790
47178,45062
47178,47884
47178,44969
47178,47977
47151,47881
47151,44961
47151,46749
47167,46781
47170,45061
47170,46780
47170,47141
47660,46747
47660,46136
47660,46786
47136,47135
47136,45058
47136,46169
47136,47158
47174,47659
47174,47629
47174,47998
47173,48401
47173,47911
47173,44915
47162,47141
47162,46147
47162,47177
47162,47896
47152,46786
47152,46133
47152,45058
47152,46747
47165,47994
47165,47137
47165,46753
47165,44970
48013,47124
48013,47163
48013,46132
46743,46784
46743,47629
46746,46796
46746,44949
46746,44921
46744,48391
46744,46147
46744,46756
46744,46364
46753,46167
46790,44945
46790,46779
46790,44932
46794,46146
46794,46150
46794,44930
46749,48396
46749,47977
46749,44949
46747,48009
46747,46755
46793,47600
46793,46779
46793,44915
46741,44941
46741,47163
46741,46120
46781,46122
46752,48386
46752,46780
46752,46159
46789,48368
46789,47576
46789,46169
46791,47175
47778,48439
47778,46727
47778,47837
47778,48483
47754,45755
47754,44762
47753,46727
47753,48485
47753,44736
47734,47743
47734,45771
47767,45751
47767,47803
47745,46545
47745,47818
47780,47793
47780,48130
47780,45738
47780,44741
47746,44772
47746,47743
47746,47841
47777,47756
47777,48449
47777,45760
47731,47722
47731,47798
47776,45367
47776,46550
47868,44740
47868,46723
47761,45753
47761,44714
47761,46685
47761,44737
47756,44752
47756,45760
47781,44735
47781,46681
47781,45369
47740,44718
47740,45742
47740,47800
47757,44717
47757,45731
47757,47804
47757,48453
47375,45578
47375,46342
47377,48686
47377,45678
47405,45673
47405,45181
47362,45676
47371,45696
47371,45668
47373,47372
47373,45665
47388,45674
47366,45581
47366,45675
47390,45669
47357,45582
47368,45560
47352,45197
47352,45673
47367,45689
47367,45589
47367,47372
47376,45576
47376,45682
47374,45235
47374,45679
47363,45192
45185,45676
45185,45683
45181,45686
45197,45686
45194,45696
45189,46326
45192,45678
45186,48360
48276,45674
45196,45588
45178,45582
45178,48687
45191,45675
48368,46338
48377,44917
48377,48356
48377,47997
48378,48362
48378,44922
48378,47560
48378,48404
48380,48277
48380,48395
48366,44927
48381,48388
48381,48354
48381,48405
48382,48356
48382,48355
48375,46384
48375,47571
48373,44914
48367,48361
48379,47572
48379,48354
48379,48404
48370,44925
48370,48394
48370,48393
48369,48392
48369,48386
48385,44932
48385,47558
48385,46779
48374,48408
48374,46356
48371,48396
48371,44921
48112,48482
48112,44719
46572,45781
46572,48435
46572,48135
46572,48454
46545,48442
46556,44718
46538,48443
46538,45388
46542,48450
46542,48449
46537,45373
46549,48445
46549,44721
46535,48444
46535,45388
46535,47722
48135,48453
48135,47736
48130,45375
48130,47742
46534,46532
46534,45370
46550,45786
46532,44735
46532,48441
46583,48428
46583,45787
46546,44753
46546,45772
46546,48428
48400,48395
48400,47559
48406,44933
48406,46758
48401,48358
48390,48359
48398,47566
48391,48392
48391,44927
48404,44922
48397,47143
48408,46740
48408,46119
48399,46169
48394,44925
48357,47564
48353,46333
48353,47572
48355,48387
47566,46338
48354,46354
48362,47587
47576,46384
48356,44930
47600,46142
47550,47565
47550,46340
47601,44921
47601,47579
45373,45415
48435,48453
45370,44726
45369,44724
45362,48458
45419,48428
45419,45404
45377,44719
45375,48452
45367,45406
45367,44723
45366,48436
45374,48455
45379,45780
45408,48442
47804,46129
47804,46685
47805,46130
47800,47763
47800,44725
47798,47831
47799,45745
47799,45735
46690,48441
47793,47992
47793,48452
47796,45740
47840,47884
47792,45750
47837,48439
47837,48483
47795,47860
47811,46723
45406,44723
48019,45083
48019,44930
47179,48009
47179,46133
47997,46119
47997,44917
46784,46154
46784,47137
46784,46167
46792,47143
46792,45057
46792,44959
46780,46173
46782,47977
46782,46130
46796,44968
47629,46788
47629,46154
46364,44954
46364,46174
46779,46142
46785,44949
46785,46118
46785,47881
47163,47124
47994,46120
47994,44970
46163,47144
46163,47148
46123,45061
46123,48411
46164,46700
46164,45054
47883,47843
46155,46689
46155,47884
46155,45744
46141,47913
46141,45047
46124,47911
46130,47881
46128,44934
46135,46681
46135,47913
46133,47144
46140,46682
46122,46725
44714,47728
44714,48454
44726,48442
44721,48445
44721,47722
44721,47747
44716,44741
44716,45738
44724,47725
44724,44735
44724,47763
44723,47752
48460,45760
48459,48487
48459,48455
48459,47728
48458,47736
48458,44717
44753,48445
44753,47748
44733,48443
44733,47749
48461,45778
48461,47747
48461,48444
48461,45771
44715,48436
44715,48485
47355,47577
47606,46345
48277,46353
47552,46340
47572,46333
47573,46331
47549,45693
47571,51963
47579,46335
47598,46355
46685,45731
47843,45741
46716,46692
47133,47879
47148,45054
47148,47124
47150,44961
47150,47879
47150,47129
47171,46146
46786,47902
47143,44969
47135,44934
47161,46142
47161,44940
47161,47914
48411,47907
48411,45047
47158,46169
48412,46150
48412,47860
47137,47870
47129,46118
47129,47879
46788,47998
47177,47896
47141,47887
47141,47907
47887,47896
47907,45061
47908,47911
47919,44959
47919,44934
47902,45058
47913,47879
47144,45054
47164,47860
47748,45772
47748,44762
47742,48452
47742,45731
47747,44772
47728,45781
47728,44737
48481,47730
48485,44736
48487,44740
48487,47771
48487,45750
48482,47874
48482,45774
47736,44717
47750,48450
47750,45773
48483,45764
48483,45780
47743,45771
47743,44732
47725,48441
47996,48438
46142,44915
46174,44954
46173,45047
46125,47977
46125,45057
46119,44940
46118,44968
46120,44941
46167,44970
48009,46136
46132,44941
46132,44952
46132,47124
47752,45773
47752,45759
44762,45755
47770,48440
47770,48439
44772,45778
44772,47722
44741,48452
44732,45771
44732,45744
44725,48440
44735,48441
47771,45751
44737,45781
44752,48450
44752,48449
45668,45696
45673,45686
45673,45675
48687,45588
45674,45573
46383,44952
46326,44945
46326,45682
48438,45786
48444,45778
45060,44968
45057,44959
45083,46740
45560,45588
45589,45689
45587,45690
48281,45679
45754,45731
46727,45774
48388,48387
44917,46740
44914,44934
44932,44945
44933,51961
44954,46756
46136,46755
46154,46758